punto	Este	Norte	cota	Name
1000	184710.3254	7780331.752	5000	Poligono 1
1001	184273.4776	7783482.98	5000	Poligono 2
1002	185315.3254	7783414.752	5000	Poligono 3
1003	184655.0183	7780843.087	5000	Poligono 4
1004	183795.169	7782773.465	5000	Poligono 5
1005	184331.7868	7781562.928	5000	Poligono 6
1006	183767.1049	7783134.883	5000	Poligono 7
1007	184290.5383	7782881.818	5000	Poligono 8
1008	184459.096	7781256.411	5000	Poligono 9
1009	183645.4497	7784462.122	5000	Poligono 10
1010	183892.0438	7783744.239	5000	Poligono 11
1011	183900.3643	7783681.943	5000	Poligono 12
1012	183915.886	7783543.519	5000	Poligono 13
1013	184064.9058	7783332.287	5000	Poligono 14
1014	183741.271	7783268.308	5000	Poligono 15
1015	183745.1885	7783237.506	5000	Poligono 16
1016	183865.173	7783232.691	5000	Poligono 17
1017	183772.0428	7783176.559	5000	Poligono 18
1018	184006.8188	7783070.707	5000	Poligono 19
1019	184052.9065	7782885.014	5000	Poligono 20
1020	184057.7046	7782830.872	5000	Poligono 21
1021	182881.7756	7782740.623	5000	Poligono 22
1022	184077.8762	7782642.33	5000	Poligono 23
1023	184409.42	7782616.036	5000	Poligono 24
1024	184010.3906	7782515.47	5000	Poligono 25
1025	184209.5555	7782318.02	5000	Poligono 26
1026	184155.1391	7782262.932	5000	Poligono 27
1027	184162.365	7782195.981	5000	Poligono 28
1028	184437.122	7781836.721	5000	Poligono 29
1029	184263.363	7781831.632	5000	Poligono 30
1030	181193.3254	7781849.752	5000	Poligono 31
1031	183379.6632	7782920.966	5000	Poligono 32
1032	184366.3254	7783525.752	5000	Poligono 33
1033	183430.261	7782867.048	5000	Poligono 34
1034	180970.8951	7781865.946	5000	Poligono 35
1035	180986.3254	7781892.752	5000	Poligono 36
1036	183438.6803	7782887.154	5000	Poligono 37
1037	181117.2813	7781784.994	5000	Poligono 38
1038	181093.6696	7781742.283	5000	Poligono 39
1039	181108.9197	7781731.789	5000	Poligono 40
1040	181132.9594	7781731.35	5000	Poligono 41
1041	181138.5064	7781733.81	5000	Poligono 42
1042	181143.6501	7781742.809	5000	Poligono 43
1043	181139.4199	7781701.206	5000	Poligono 44
1044	181087.6699	7781696.98	5000	Poligono 45
1045	181101.0272	7781685.631	5000	Poligono 46
1046	183958.6159	7783126.382	5000	Poligono 47
1047	180299.5105	7781541.642	5000	Poligono 48
1048	182051.3254	7781393.752	5000	Poligono 49
1049	181971.3254	7781463.752	5000	Poligono 50
1050	181487.9338	7782084.194	5000	Poligono 51
1051	181479.136	7782092.182	5000	Poligono 52
1052	180966.6484	7782683.27	5000	Poligono 53
1053	180912.5859	7782754.391	5000	Poligono 54
1054	180668.5759	7783045.328	5000	Poligono 55
1055	182831.8938	7780792.306	5000	Poligono 56
1056	184136.0044	7782243.291	5000	Poligono 57
1057	183715.6512	7784198.348	5000	Poligono 58
1058	184071.5885	7782607.238	5000	Poligono 59
1059	184915.8997	7781225.508	5000	Poligono 60
1060	178638.8851	7780064.444	5000	Poligono 61
1061	183723.8482	7784374.763	5000	Poligono 62
1062	183751.9288	7784300.555	5000	Poligono 63
1063	183780.8324	7784114.121	5000	Poligono 64
1064	183818.5503	7783972.016	5000	Poligono 65
1065	183941.5717	7783545.774	5000	Poligono 66
1066	184052.1741	7782931.108	5000	Poligono 67
1067	184246.5409	7782247.667	5000	Poligono 68
1068	180324.144	7783517.985	5000	Poligono 69
1069	181810.0708	7783061.672	5000	Poligono 70
1070	182048.83	7783038.218	5000	Poligono 71
1071	182120.8833	7782986.526	5000	Poligono 72
1072	183250.5846	7782614.678	5000	Poligono 73
1073	183284.2369	7782589.683	5000	Poligono 74
1074	183317.6094	7782563.833	5000	Poligono 75
1075	183976.0552	7782142.588	5000	Poligono 76
1076	183669.8515	7783125.28	5000	Poligono 77
1077	183538.9952	7783035.991	5000	Poligono 78
1078	182846.1564	7782731.065	5000	Poligono 79
1079	182704.5929	7782659.208	5000	Poligono 80
1080	182688.4622	7782659.629	5000	Poligono 81
1081	181958.6626	7782349.047	5000	Poligono 82
1082	181805.3632	7782257.334	5000	Poligono 83
1083	181082.3254	7781789.752	5000	Poligono 84
1084	180794.3254	7781603.752	5000	Poligono 85
1085	180707.1579	7781563.682	5000	Poligono 86
1086	180610.1238	7781503.209	5000	Poligono 87
1087	180307.3254	7781342.752	5000	Poligono 88
1088	180269.6094	7781285.909	5000	Poligono 89
1089	178704.2429	7780504.525	5000	Poligono 90
1090	180385.7333	7781384.365	5000	Poligono 91
1091	180431.6301	7781360.269	5000	Poligono 92
1092	182956.6764	7782781.298	5000	Poligono 93
1093	183306.787	7782863.773	5000	Poligono 94
1094	181502.2046	7782067.388	5000	Poligono 95
1095	181379.5206	7781821.581	5000	Poligono 96
1096	181046.0757	7781569.664	5000	Poligono 97
1097	180760.4693	7781311.868	5000	Poligono 98
1098	180661.4034	7781239.417	5000	Poligono 99
1099	180566.0249	7781169.15	5000	Poligono 100
1100	180337.6544	7781070.917	5000	Poligono 101
1101	179846.8768	7780932.618	5000	Poligono 102
1102	179730.3047	7780887.319	5000	Poligono 103
1103	179724.1814	7780874.333	5000	Poligono 104
1104	183962.2453	7783098.154	5000	Poligono 105
1105	184096.2702	7783152.36	5000	Poligono 106
1106	184314.9401	7783213.169	5000	Poligono 107
1107	184922.5413	7783354.273	5000	Poligono 108
1108	185014.4781	7783405.315	5000	Poligono 109
1109	185123.7884	7783454.925	5000	Poligono 110
1110	185377.8636	7783579.622	5000	Poligono 111
1111	185451.0032	7783616.936	5000	Poligono 112
1112	185555.0381	7783667.201	5000	Poligono 113
1113	185741.5947	7783772.81	5000	Poligono 114
1114	184863.1375	7783281.368	5000	Poligono 115
1115	184939.7748	7783289.311	5000	Poligono 116
1116	185077.2151	7783381.696	5000	Poligono 117
